kinematics:
  shoulder:
    x: 0
    y: 0
    z: 0.16268230449396678
    roll: -0
    pitch: 0
    yaw: -1.6741193206632856e-08
  upper_arm:
    x: 0.00015505642831297142
    y: 0
    z: 0
    roll: 1.570265338687135
    pitch: 0
    yaw: -1.9742385963374002e-06
  forearm:
    x: -0.42549153537645618
    y: 0
    z: 0
    roll: 0.0010781218688212173
    pitch: 0.00083465544828376689
    yaw: 7.3042637597790289e-06
  wrist_1:
    x: -0.39276702634767657
    y: -0.00086913804510117744
    z: 0.1334698686376338
    roll: 0.006511775048473111
    pitch: -0.0018898166995288473
    yaw: 2.6681768117845914e-06
  wrist_2:
    x: -6.6500437343330662e-05
    y: -0.099933187461581738
    z: 4.8099973192702106e-05
    roll: 1.5703150055171504
    pitch: 0
    yaw: 5.2566941099375811e-07
  wrist_3:
    x: 0.00011511544143399722
    y: 0.099523171242855576
    z: 0.00022764228741991354
    roll: 1.5730836523250176
    pitch: 3.1415926535897931
    yaw: 3.1415924078614408
  hash: calib_7273392255357398276
